255 255 255 255 255 255 255 255 255 255 255 255 255 255 255 255
255   0   0   0   0   0   0   0 255 255   0   0   0   0   0 255
255   0 255 255 255   0   0   0   0 255   0 255 255 255   0 255
255   0 255   0 223   0   0   0 255   0   0 223   0 255   0 255
255   0 255 223 251   0 255   0   0  32   0 251 223 255   0 255
255   0   0   0   0   0   0 255 255   0   0   0   0   0   0 255
255   0 255   0  32   0 255 255   0   0   0 255   0   0   0 255
255   0 255   0   0 255   0 255   0   0   0 255   0 255 255 255
255   0   0   0  32 255 255   0   0 255   0   0   0   0 255 255
255 255 255   0 255   0   0   0 255   0 255  32 255   0 255 255
255   0   0   0   0   0   0 255   0   0 255  32   0 255 255 255
255   0 255 223 251   0  32  32 255 223 223   0 255 255 223 255
255   0 255   0 223   0   0 255   0 255   0   0   0   0 255 255
255   0 255 255 255   0 255 255 255 255 255  32 255   0   0 255
255   0   0   0   0   0   0 255 255 255 255 223 255   0 255 255
255 255 255 255 255 255 255 255 255 255 255 255 255 255 255 255
255 255 255 255 255 255 255 255 255 255 255 255 255 255 255 255
255   0   0   0   0   0   0   0 255 255   0   0   0   0   0 255
255   0 255 255 255   0   0   0   0 255   0 255 255 255   0 255
255   0 255   0 223   0   0   0 255   0   0 223   0 255   0 255
255   0 255 223 251   0 255   0   0  32   0 251 223 255   0 255
255   0   0   0   0   0   0 255 255   0   0   0   0   0   0 255
255   0 255   0  32   0 255 255   0   0   0 255   0   0   0 255
255   0 255   0   0 255   0 255   0   0   0 255   0 255 255 255
255   0   0   0  32 255 255   0   0 255   0   0   0   0 255 255
255 255 255   0 255   0   0   0 255   0 255  32 255   0 255 255
255   0   0   0   0   0   0 255   0   0 255  32   0 255 255 255
255   0 255 223 251   0  32  32 255 223 223   0 255 255 223 255
255   0 255   0 223   0   0 255   0 255   0   0   0   0 255 255
255   0 255 255 255   0 255 255 255 255 255  32 255   0   0 255
255   0   0   0   0   0   0 255 255 255 255 223 255   0 255 255
255 255 255 255 255 255 255 255 255 255 255 255 255 255 255 255
255 255 255 255 255 255 255 255 255 255 255 255 255 255 255 255
255   0   0   0   0   0   0   0 255 255   0   0   0   0   0 255
255   0 255 255 255   0   0   0   0 255   0 255 255 255   0 255
255   0 255   0 223   0   0   0 255   0   0 223   0 255   0 255
255   0 255 223 251   0 255   0   0  32   0 251 223 255   0 255
255   0   0   0   0   0   0 255 255   0   0   0   0   0   0 255
255   0 255   0  32   0 255 255   0   0   0 255   0   0   0 255
255   0 255   0   0 255   0 255   0   0   0 255   0 255 255 255
255   0   0   0  32 255 255   0   0 255   0   0   0   0 255 255
255 255 255   0 255   0   0   0 255   0 255  32 255   0 255 255
255   0   0   0   0   0   0 255   0   0 255  32   0 255 255 255
255   0 255 223 251   0  32  32 255 223 223   0 255 255 223 255
255   0 255   0 223   0   0 255   0 255   0   0   0   0 255 255
255   0 255 255 255   0 255 255 255 255 255  32 255   0   0 255
255   0   0   0   0   0   0 255 255 255 255 223 255   0 255 255
255 255 255 255 255 255 255 255 255 255 255 255 255 255 255 255

251 230 226 226 225 235 238 241 243 244 244 247 243 243 244 254
230 113 114 113 103 141 155 168 158 165 201 206 175 160 168 244
226 114 124 100 120 141 150 131  82 114 180 176 151 136 163 242
226 113 100  59 110 145 167 137  96 136 144 113 108 156 187 243
225 103 120 110 111 137 180 174 123 131 133  68  39  98 181 245
237 149 141 141 131 159 155 144 162 170 179 137  78 110 158 242
250 200 136 133 116 106  84 103 159 160 161 159 129 153 187 246
242 157 113 120  87  87  80 102 117 115 117 164 143 150 212 252
229 104 114 122 103 101 127 144 107  79 101 149 147 134 194 248
232 122 133 149 154 127 120 113  98  75 106 132 146 140 170 240
235 140 140 145 137 155 110 101 111 125 154 131 142 140 143 236
225 103 120 110 111 131 113  92 128 165 137 111 110 120 103 225
226 113 100  59 110 141 120  76  99 143 143 110  59 100 113 226
226 114 124 100 120 140 142 128 113 136 141 120 100 124 114 226
230 113 114 113 103 143 151 127 132 184 149 103 113 114 113 230
251 230 226 226 225 235 235 228 233 245 237 225 226 226 230 251
251 230 226 226 225 235 238 241 243 244 244 247 243 243 244 254
230 113 114 113 103 141 155 168 158 165 201 206 175 160 168 244
226 114 124 100 120 141 150 131  82 114 180 176 151 136 163 242
226 113 100  59 110 145 167 137  96 136 144 113 108 156 187 243
225 103 120 110 111 137 180 174 123 131 133  68  39  98 181 245
237 149 141 141 131 159 155 144 162 170 179 137  78 110 158 242
250 200 136 133 116 106  84 103 159 160 161 159 129 153 187 246
242 157 113 120  87  87  80 102 117 115 117 164 143 150 212 252
229 104 114 122 103 101 127 144 107  79 101 149 147 134 194 248
232 122 133 149 154 127 120 113  98  75 106 132 146 140 170 240
235 140 140 145 137 155 110 101 111 125 154 131 142 140 143 236
225 103 120 110 111 131 113  92 128 165 137 111 110 120 103 225
226 113 100  59 110 141 120  76  99 143 143 110  59 100 113 226
226 114 124 100 120 140 142 128 113 136 141 120 100 124 114 226
230 113 114 113 103 143 151 127 132 184 149 103 113 114 113 230
251 230 226 226 225 235 235 228 233 245 237 225 226 226 230 251
251 230 226 226 225 235 238 241 243 244 244 247 243 243 244 254
230 113 114 113 103 141 155 168 158 165 201 206 175 160 168 244
226 114 124 100 120 141 150 131  82 114 180 176 151 136 163 242
226 113 100  59 110 145 167 137  96 136 144 113 108 156 187 243
225 103 120 110 111 137 180 174 123 131 133  68  39  98 181 245
237 149 141 141 131 159 155 144 162 170 179 137  78 110 158 242
250 200 136 133 116 106  84 103 159 160 161 159 129 153 187 246
242 157 113 120  87  87  80 102 117 115 117 164 143 150 212 252
229 104 114 122 103 101 127 144 107  79 101 149 147 134 194 248
232 122 133 149 154 127 120 113  98  75 106 132 146 140 170 240
235 140 140 145 137 155 110 101 111 125 154 131 142 140 143 236
225 103 120 110 111 131 113  92 128 165 137 111 110 120 103 225
226 113 100  59 110 141 120  76  99 143 143 110  59 100 113 226
226 114 124 100 120 140 142 128 113 136 141 120 100 124 114 226
230 113 114 113 103 143 151 127 132 184 149 103 113 114 113 230
251 230 226 226 225 235 235 228 233 245 237 225 226 226 230 251

253 241 240 240 243 239 244 251 246 237 232 220 221 222 226 251
241 165 164 186 178 157 186 209 190 168 142 105 114 115 113 233
241 159 136 153  93 110 153 148 133 139 140 118  97 123 112 230
240 173 152 105  36  78 128 143 147 147 141 108  59 103 111 230
245 206 175 111  68 139 160 164 147 130 130 110 111 121 101 229
242 200 175 144 133 178 159 116  99 104 154 138 143 141 150 240
241 162 111 135 129 170 159 113  78  75 126 164 140 136 183 246
240 156  81  98 124 161 156 116 108  98 112 125  97 115 130 236
238 168 130 141 176 141 100 102 144 111 100  90  77 131 125 232
234 154 149 168 179 153  83  80 127 119 110 114 121 144 151 238
232 140 140 144 135 157 105  87 100 128 157 131 141 140 142 238
220 105 118 108 110 131 116  88 104 155 136 110 107 120 102 229
221 114  97  59 111 141 131 119 122 149 144 107  58 102 111 230
222 115 123 103 121 141 135 112 113 133 140 120 102 126 112 230
226 113 112 111 101 151 201 156 103 122 140 102 111 112 113 234
251 233 230 230 229 240 250 243 233 236 238 229 230 230 234 252
253 241 240 240 243 239 244 251 246 237 232 220 221 222 226 251
241 165 164 186 178 157 186 209 190 168 142 105 114 115 113 233
241 159 136 153  93 110 153 148 133 139 140 118  97 123 112 230
240 173 152 105  36  78 128 143 147 147 141 108  59 103 111 230
245 206 175 111  68 139 160 164 147 130 130 110 111 121 101 229
242 200 175 144 133 178 159 116  99 104 154 138 143 141 150 240
241 162 111 135 129 170 159 113  78  75 126 164 140 136 183 246
240 156  81  98 124 161 156 116 108  98 112 125  97 115 130 236
238 168 130 141 176 141 100 102 144 111 100  90  77 131 125 232
234 154 149 168 179 153  83  80 127 119 110 114 121 144 151 238
232 140 140 144 135 157 105  87 100 128 157 131 141 140 142 238
220 105 118 108 110 131 116  88 104 155 136 110 107 120 102 229
221 114  97  59 111 141 131 119 122 149 144 107  58 102 111 230
222 115 123 103 121 141 135 112 113 133 140 120 102 126 112 230
226 113 112 111 101 151 201 156 103 122 140 102 111 112 113 234
251 233 230 230 229 240 250 243 233 236 238 229 230 230 234 252
253 241 240 240 243 239 244 251 246 237 232 220 221 222 226 251
241 165 164 186 178 157 186 209 190 168 142 105 114 115 113 233
241 159 136 153  93 110 153 148 133 139 140 118  97 123 112 230
240 173 152 105  36  78 128 143 147 147 141 108  59 103 111 230
245 206 175 111  68 139 160 164 147 130 130 110 111 121 101 229
242 200 175 144 133 178 159 116  99 104 154 138 143 141 150 240
241 162 111 135 129 170 159 113  78  75 126 164 140 136 183 246
240 156  81  98 124 161 156 116 108  98 112 125  97 115 130 236
238 168 130 141 176 141 100 102 144 111 100  90  77 131 125 232
234 154 149 168 179 153  83  80 127 119 110 114 121 144 151 238
232 140 140 144 135 157 105  87 100 128 157 131 141 140 142 238
220 105 118 108 110 131 116  88 104 155 136 110 107 120 102 229
221 114  97  59 111 141 131 119 122 149 144 107  58 102 111 230
222 115 123 103 121 141 135 112 113 133 140 120 102 126 112 230
226 113 112 111 101 151 201 156 103 122 140 102 111 112 113 234
251 233 230 230 229 240 250 243 233 236 238 229 230 230 234 252

251 230 226 226 225 237 245 233 228 235 235 225 226 226 230 251
230 113 114 113 103 149 184 132 127 151 143 103 113 114 113 230
226 114 124 100 120 141 136 113 128 142 140 120 100 124 114 226
226 113 100  59 110 143 143  99  76 120 141 110  59 100 113 226
225 103 120 110 111 137 165 128  92 113 131 111 110 120 103 225
236 143 140 142 131 154 125 111 101 110 155 137 145 140 140 235
240 170 140 146 132 106  75  98 113 120 127 154 149 133 122 232
248 194 134 147 149 101  79 107 144 127 101 103 122 114 104 229
252 212 150 143 164 117 115 117 102  80  87  87 120 113 157 242
246 187 153 129 159 161 160 159 103  84 106 116 133 136 200 250
242 158 110  78 137 179 170 162 144 155 159 131 141 141 149 237
245 181  98  39  68 133 131 123 174 180 137 111 110 120 103 225
243 187 156 108 113 144 136  96 137 167 145 110  59 100 113 226
242 163 136 151 176 180 114  82 131 150 141 120 100 124 114 226
244 168 160 175 206 201 165 158 168 155 141 103 113 114 113 230
254 244 243 243 247 244 244 243 241 238 235 225 226 226 230 251
251 230 226 226 225 237 245 233 228 235 235 225 226 226 230 251
230 113 114 113 103 149 184 132 127 151 143 103 113 114 113 230
226 114 124 100 120 141 136 113 128 142 140 120 100 124 114 226
226 113 100  59 110 143 143  99  76 120 141 110  59 100 113 226
225 103 120 110 111 137 165 128  92 113 131 111 110 120 103 225
236 143 140 142 131 154 125 111 101 110 155 137 145 140 140 235
240 170 140 146 132 106  75  98 113 120 127 154 149 133 122 232
248 194 134 147 149 101  79 107 144 127 101 103 122 114 104 229
252 212 150 143 164 117 115 117 102  80  87  87 120 113 157 242
246 187 153 129 159 161 160 159 103  84 106 116 133 136 200 250
242 158 110  78 137 179 170 162 144 155 159 131 141 141 149 237
245 181  98  39  68 133 131 123 174 180 137 111 110 120 103 225
243 187 156 108 113 144 136  96 137 167 145 110  59 100 113 226
242 163 136 151 176 180 114  82 131 150 141 120 100 124 114 226
244 168 160 175 206 201 165 158 168 155 141 103 113 114 113 230
254 244 243 243 247 244 244 243 241 238 235 225 226 226 230 251
251 230 226 226 225 237 245 233 228 235 235 225 226 226 230 251
230 113 114 113 103 149 184 132 127 151 143 103 113 114 113 230
226 114 124 100 120 141 136 113 128 142 140 120 100 124 114 226
226 113 100  59 110 143 143  99  76 120 141 110  59 100 113 226
225 103 120 110 111 137 165 128  92 113 131 111 110 120 103 225
236 143 140 142 131 154 125 111 101 110 155 137 145 140 140 235
240 170 140 146 132 106  75  98 113 120 127 154 149 133 122 232
248 194 134 147 149 101  79 107 144 127 101 103 122 114 104 229
252 212 150 143 164 117 115 117 102  80  87  87 120 113 157 242
246 187 153 129 159 161 160 159 103  84 106 116 133 136 200 250
242 158 110  78 137 179 170 162 144 155 159 131 141 141 149 237
245 181  98  39  68 133 131 123 174 180 137 111 110 120 103 225
243 187 156 108 113 144 136  96 137 167 145 110  59 100 113 226
242 163 136 151 176 180 114  82 131 150 141 120 100 124 114 226
244 168 160 175 206 201 165 158 168 155 141 103 113 114 113 230
254 244 243 243 247 244 244 243 241 238 235 225 226 226 230 251
