255 255 255 255 255 255 255 255 255 255 255 255 255 255 255 255
255 255 255 255 255 255 255 255 255 255 255 255 255 255 255 255
255 255   0   0   0   0 255   0 255 255   0   0   0   0 255 255
255 255   0   0   0 207 255 255   0 255 207   0   0   0 255 255
255 255   0   0   0 207 255   0   0 255 207   0   0   0 255 255
255 255   0 207 207 168 255  48  48 255 168 207 207   0 255 255
255 255 255 255 255 255 255   0   0 255 255 255 255 255 255 255
255 255   0 255   0  48   0 255   0   0 207 255 255 255 255 255
255 255   0 255 255  48   0   0   0 255   0   0   0 255 255 255
255 255 255 255 255 255 255   0   0 255 207 255 255   0 255 255
255 255   0 207 207 168 255  48 207 255  48  48  48 255 255 255
255 255   0   0   0 207 255 255 255   0   0   0 255   0 255 255
255 255   0   0   0 207 255   0 255 255   0 255 255 255 255 255
255 255   0   0   0   0 255 255 255   0 255   0 255 255 255 255
255 255 255 255 255 255 255 255 255 255 255 255 255 255 255 255
255 255 255 255 255 255 255 255 255 255 255 255 255 255 255 255
255 255 255 255 255 255 255 255 255 255 255 255 255 255 255 255
255 255 255 255 255 255 255 255 255 255 255 255 255 255 255 255
255 255   0   0   0   0 255   0 255 255   0   0   0   0 255 255
255 255   0   0   0 207 255 255   0 255 207   0   0   0 255 255
255 255   0   0   0 207 255   0   0 255 207   0   0   0 255 255
255 255   0 207 207 168 255  48  48 255 168 207 207   0 255 255
255 255 255 255 255 255 255   0   0 255 255 255 255 255 255 255
255 255   0 255   0  48   0 255   0   0 207 255 255 255 255 255
255 255   0 255 255  48   0   0   0 255   0   0   0 255 255 255
255 255 255 255 255 255 255   0   0 255 207 255 255   0 255 255
255 255   0 207 207 168 255  48 207 255  48  48  48 255 255 255
255 255   0   0   0 207 255 255 255   0   0   0 255   0 255 255
255 255   0   0   0 207 255   0 255 255   0 255 255 255 255 255
255 255   0   0   0   0 255 255 255   0 255   0 255 255 255 255
255 255 255 255 255 255 255 255 255 255 255 255 255 255 255 255
255 255 255 255 255 255 255 255 255 255 255 255 255 255 255 255
255 255 255 255 255 255 255 255 255 255 255 255 255 255 255 255
255 255 255 255 255 255 255 255 255 255 255 255 255 255 255 255
255 255   0   0   0   0 255   0 255 255   0   0   0   0 255 255
255 255   0   0   0 207 255 255   0 255 207   0   0   0 255 255
255 255   0   0   0 207 255   0   0 255 207   0   0   0 255 255
255 255   0 207 207 168 255  48  48 255 168 207 207   0 255 255
255 255 255 255 255 255 255   0   0 255 255 255 255 255 255 255
255 255   0 255   0  48   0 255   0   0 207 255 255 255 255 255
255 255   0 255 255  48   0   0   0 255   0   0   0 255 255 255
255 255 255 255 255 255 255   0   0 255 207 255 255   0 255 255
255 255   0 207 207 168 255  48 207 255  48  48  48 255 255 255
255 255   0   0   0 207 255 255 255   0   0   0 255   0 255 255
255 255   0   0   0 207 255   0 255 255   0 255 255 255 255 255
255 255   0   0   0   0 255 255 255   0 255   0 255 255 255 255
255 255 255 255 255 255 255 255 255 255 255 255 255 255 255 255
255 255 255 255 255 255 255 255 255 255 255 255 255 255 255 255

255 255 255 255 255 255 255 255 255 255 255 255 255 255 255 255
255 250 231 222 221 225 234 241 243 243 245 241 245 247 255 255
255 231 164 150 151 138 166 189 169 186 221 192 172 191 247 255
255 222 150 121 119 115 142 127  86 134 181 171 133 189 245 255
255 221 151 119 115 117 179 171 116 148 116  78 119 190 241 255
255 225 139 115 116 104 161 159 136 160 133  54  91 184 245 255
255 245 196 142 139 123 115 118 163 169 152 120 143 184 244 255
255 242 173 128 110 103  90 101 117 125 142 155 155 207 251 255
255 229 140 124 120 116 119 131  97  87 143 156 150 202 249 255
255 231 155 138 165 145 122 106 102  95 128 146 141 175 235 255
255 225 138 115 117 103 123 115 137 148 103 116 115 138 225 255
255 221 151 119 115 116 134  93 124 162 116 115 119 151 221 255
255 222 150 121 119 115 138 124 114 138 115 119 121 150 222 255
255 231 164 150 151 138 170 162 163 192 139 151 150 164 231 255
255 250 231 222 221 225 231 225 231 243 225 221 222 231 250 255
255 255 255 255 255 255 255 255 255 255 255 255 255 255 255 255
255 255 255 255 255 255 255 255 255 255 255 255 255 255 255 255
255 250 231 222 221 225 234 241 243 243 245 241 245 247 255 255
255 231 164 150 151 138 166 189 169 186 221 192 172 191 247 255
255 222 150 121 119 115 142 127  86 134 181 171 133 189 245 255
255 221 151 119 115 117 179 171 116 148 116  78 119 190 241 255
255 225 139 115 116 104 161 159 136 160 133  54  91 184 245 255
255 245 196 142 139 123 115 118 163 169 152 120 143 184 244 255
255 242 173 128 110 103  90 101 117 125 142 155 155 207 251 255
255 229 140 124 120 116 119 131  97  87 143 156 150 202 249 255
255 231 155 138 165 145 122 106 102  95 128 146 141 175 235 255
255 225 138 115 117 103 123 115 137 148 103 116 115 138 225 255
255 221 151 119 115 116 134  93 124 162 116 115 119 151 221 255
255 222 150 121 119 115 138 124 114 138 115 119 121 150 222 255
255 231 164 150 151 138 170 162 163 192 139 151 150 164 231 255
255 250 231 222 221 225 231 225 231 243 225 221 222 231 250 255
255 255 255 255 255 255 255 255 255 255 255 255 255 255 255 255
255 255 255 255 255 255 255 255 255 255 255 255 255 255 255 255
255 250 231 222 221 225 234 241 243 243 245 241 245 247 255 255
255 231 164 150 151 138 166 189 169 186 221 192 172 191 247 255
255 222 150 121 119 115 142 127  86 134 181 171 133 189 245 255
255 221 151 119 115 117 179 171 116 148 116  78 119 190 241 255
255 225 139 115 116 104 161 159 136 160 133  54  91 184 245 255
255 245 196 142 139 123 115 118 163 169 152 120 143 184 244 255
255 242 173 128 110 103  90 101 117 125 142 155 155 207 251 255
255 229 140 124 120 116 119 131  97  87 143 156 150 202 249 255
255 231 155 138 165 145 122 106 102  95 128 146 141 175 235 255
255 225 138 115 117 103 123 115 137 148 103 116 115 138 225 255
255 221 151 119 115 116 134  93 124 162 116 115 119 151 221 255
255 222 150 121 119 115 138 124 114 138 115 119 121 150 222 255
255 231 164 150 151 138 170 162 163 192 139 151 150 164 231 255
255 250 231 222 221 225 231 225 231 243 225 221 222 231 250 255
255 255 255 255 255 255 255 255 255 255 255 255 255 255 255 255

255 255 255 255 255 255 255 255 255 255 255 255 255 255 255 255
255 255 245 243 239 243 242 250 247 232 221 216 217 229 250 255
255 245 186 188 188 181 182 204 200 173 136 151 151 164 233 255
255 243 169 132 116  90 143 153 149 139 113 115 120 148 225 255
255 239 191 172  73  55 120 154 156 146 115 115 122 149 224 255
255 243 220 177 115 134 151 141 140 126 104 117 116 141 229 255
255 241 183 130 147 159 167 123  86  95 149 160 139 192 243 255
255 241 167  84 118 137 160 116  98 102 137 120 115 162 233 255
255 238 188 126 176 159 115 101 132 104 115  93 128 161 228 255
255 231 164 141 179 159 113  90 118 121 123 134 139 170 234 255
255 221 136 113 115 102 122 102 117 146 101 114 114 137 228 255
255 216 151 115 115 116 137 109 121 165 114 113 120 149 224 255
255 217 151 120 122 116 143 127 123 138 114 120 124 149 225 255
255 229 164 148 149 141 197 173 141 156 137 149 149 165 234 255
255 250 233 225 224 229 246 243 231 234 228 224 225 234 251 255
255 255 255 255 255 255 255 255 255 255 255 255 255 255 255 255
255 255 255 255 255 255 255 255 255 255 255 255 255 255 255 255
255 255 245 243 239 243 242 250 247 232 221 216 217 229 250 255
255 245 186 188 188 181 182 204 200 173 136 151 151 164 233 255
255 243 169 132 116  90 143 153 149 139 113 115 120 148 225 255
255 239 191 172  73  55 120 154 156 146 115 115 122 149 224 255
255 243 220 177 115 134 151 141 140 126 104 117 116 141 229 255
255 241 183 130 147 159 167 123  86  95 149 160 139 192 243 255
255 241 167  84 118 137 160 116  98 102 137 120 115 162 233 255
255 238 188 126 176 159 115 101 132 104 115  93 128 161 228 255
255 231 164 141 179 159 113  90 118 121 123 134 139 170 234 255
255 221 136 113 115 102 122 102 117 146 101 114 114 137 228 255
255 216 151 115 115 116 137 109 121 165 114 113 120 149 224 255
255 217 151 120 122 116 143 127 123 138 114 120 124 149 225 255
255 229 164 148 149 141 197 173 141 156 137 149 149 165 234 255
255 250 233 225 224 229 246 243 231 234 228 224 225 234 251 255
255 255 255 255 255 255 255 255 255 255 255 255 255 255 255 255
255 255 255 255 255 255 255 255 255 255 255 255 255 255 255 255
255 255 245 243 239 243 242 250 247 232 221 216 217 229 250 255
255 245 186 188 188 181 182 204 200 173 136 151 151 164 233 255
255 243 169 132 116  90 143 153 149 139 113 115 120 148 225 255
255 239 191 172  73  55 120 154 156 146 115 115 122 149 224 255
255 243 220 177 115 134 151 141 140 126 104 117 116 141 229 255
255 241 183 130 147 159 167 123  86  95 149 160 139 192 243 255
255 241 167  84 118 137 160 116  98 102 137 120 115 162 233 255
255 238 188 126 176 159 115 101 132 104 115  93 128 161 228 255
255 231 164 141 179 159 113  90 118 121 123 134 139 170 234 255
255 221 136 113 115 102 122 102 117 146 101 114 114 137 228 255
255 216 151 115 115 116 137 109 121 165 114 113 120 149 224 255
255 217 151 120 122 116 143 127 123 138 114 120 124 149 225 255
255 229 164 148 149 141 197 173 141 156 137 149 149 165 234 255
255 250 233 225 224 229 246 243 231 234 228 224 225 234 251 255
255 255 255 255 255 255 255 255 255 255 255 255 255 255 255 255

255 255 255 255 255 255 255 255 255 255 255 255 255 255 255 255
255 250 231 222 221 225 243 231 225 231 225 221 222 231 250 255
255 231 164 150 151 139 192 163 162 170 138 151 150 164 231 255
255 222 150 121 119 115 138 114 124 138 115 119 121 150 222 255
255 221 151 119 115 116 162 124  93 134 116 115 119 151 221 255
255 225 138 115 116 103 148 137 115 123 103 117 115 138 225 255
255 235 175 141 146 128  95 102 106 122 145 165 138 155 231 255
255 249 202 150 156 143  87  97 131 119 116 120 124 140 229 255
255 251 207 155 155 142 125 117 101  90 103 110 128 173 242 255
255 244 184 143 120 152 169 163 118 115 123 139 142 196 245 255
255 245 184  91  54 133 160 136 159 161 104 116 115 139 225 255
255 241 190 119  78 116 148 116 171 179 117 115 119 151 221 255
255 245 189 133 171 181 134  86 127 142 115 119 121 150 222 255
255 247 191 172 192 221 186 169 189 166 138 151 150 164 231 255
255 255 247 245 241 245 243 243 241 234 225 221 222 231 250 255
255 255 255 255 255 255 255 255 255 255 255 255 255 255 255 255
255 255 255 255 255 255 255 255 255 255 255 255 255 255 255 255
255 250 231 222 221 225 243 231 225 231 225 221 222 231 250 255
255 231 164 150 151 139 192 163 162 170 138 151 150 164 231 255
255 222 150 121 119 115 138 114 124 138 115 119 121 150 222 255
255 221 151 119 115 116 162 124  93 134 116 115 119 151 221 255
255 225 138 115 116 103 148 137 115 123 103 117 115 138 225 255
255 235 175 141 146 128  95 102 106 122 145 165 138 155 231 255
255 249 202 150 156 143  87  97 131 119 116 120 124 140 229 255
255 251 207 155 155 142 125 117 101  90 103 110 128 173 242 255
255 244 184 143 120 152 169 163 118 115 123 139 142 196 245 255
255 245 184  91  54 133 160 136 159 161 104 116 115 139 225 255
255 241 190 119  78 116 148 116 171 179 117 115 119 151 221 255
255 245 189 133 171 181 134  86 127 142 115 119 121 150 222 255
255 247 191 172 192 221 186 169 189 166 138 151 150 164 231 255
255 255 247 245 241 245 243 243 241 234 225 221 222 231 250 255
255 255 255 255 255 255 255 255 255 255 255 255 255 255 255 255
255 255 255 255 255 255 255 255 255 255 255 255 255 255 255 255
255 250 231 222 221 225 243 231 225 231 225 221 222 231 250 255
255 231 164 150 151 139 192 163 162 170 138 151 150 164 231 255
255 222 150 121 119 115 138 114 124 138 115 119 121 150 222 255
255 221 151 119 115 116 162 124  93 134 116 115 119 151 221 255
255 225 138 115 116 103 148 137 115 123 103 117 115 138 225 255
255 235 175 141 146 128  95 102 106 122 145 165 138 155 231 255
255 249 202 150 156 143  87  97 131 119 116 120 124 140 229 255
255 251 207 155 155 142 125 117 101  90 103 110 128 173 242 255
255 244 184 143 120 152 169 163 118 115 123 139 142 196 245 255
255 245 184  91  54 133 160 136 159 161 104 116 115 139 225 255
255 241 190 119  78 116 148 116 171 179 117 115 119 151 221 255
255 245 189 133 171 181 134  86 127 142 115 119 121 150 222 255
255 247 191 172 192 221 186 169 189 166 138 151 150 164 231 255
255 255 247 245 241 245 243 243 241 234 225 221 222 231 250 255
255 255 255 255 255 255 255 255 255 255 255 255 255 255 255 255
