255 255 255 255 255 255 255 255 255 255 255 255 255 255 255 255
255 255 255 255 255 255 255 255 255 255 255 255 255 255 255 255
255 255   0   0   0   0 255 255   0 255   0   0   0   0 255 255
255 255   0   0   0 207 255   0 255 255 207   0   0   0 255 255
255 255   0   0   0 207 255   0 255 255 207   0   0   0 255 255
255 255   0 207 207 168 255  48  48 255 168 207 207   0 255 255
255 255 255 255 255 255 255   0   0 255 255 255 255 255 255 255
255 255 255 255   0  48 255 255   0 255  48 255 255   0 255 255
255 255   0   0   0 255   0 255 255   0 207   0   0 255 255 255
255 255 255 255 255 255 255 255 255   0 207 255   0   0 255 255
255 255   0 207 207 168 255   0  48 207  87 255 255 255 255 255
255 255   0   0   0 207 255   0   0 255   0   0   0   0 255 255
255 255   0   0   0 207 255   0   0 255   0   0   0 255 255 255
255 255   0   0   0   0 255 255 255   0 207 255   0   0 255 255
255 255 255 255 255 255 255 255 255 255 255 255 255 255 255 255
255 255 255 255 255 255 255 255 255 255 255 255 255 255 255 255
255 255 255 255 255 255 255 255 255 255 255 255 255 255 255 255
255 255 255 255 255 255 255 255 255 255 255 255 255 255 255 255
255 255   0   0   0   0 255 255   0 255   0   0   0   0 255 255
255 255   0   0   0 207 255   0 255 255 207   0   0   0 255 255
255 255   0   0   0 207 255   0 255 255 207   0   0   0 255 255
255 255   0 207 207 168 255  48  48 255 168 207 207   0 255 255
255 255 255 255 255 255 255   0   0 255 255 255 255 255 255 255
255 255 255 255   0  48 255 255   0 255  48 255 255   0 255 255
255 255   0   0   0 255   0 255 255   0 207   0   0 255 255 255
255 255 255 255 255 255 255 255 255   0 207 255   0   0 255 255
255 255   0 207 207 168 255   0  48 207  87 255 255 255 255 255
255 255   0   0   0 207 255   0   0 255   0   0   0   0 255 255
255 255   0   0   0 207 255   0   0 255   0   0   0 255 255 255
255 255   0   0   0   0 255 255 255   0 207 255   0   0 255 255
255 255 255 255 255 255 255 255 255 255 255 255 255 255 255 255
255 255 255 255 255 255 255 255 255 255 255 255 255 255 255 255
255 255 255 255 255 255 255 255 255 255 255 255 255 255 255 255
255 255 255 255 255 255 255 255 255 255 255 255 255 255 255 255
255 255   0   0   0   0 255 255   0 255   0   0   0   0 255 255
255 255   0   0   0 207 255   0 255 255 207   0   0   0 255 255
255 255   0   0   0 207 255   0 255 255 207   0   0   0 255 255
255 255   0 207 207 168 255  48  48 255 168 207 207   0 255 255
255 255 255 255 255 255 255   0   0 255 255 255 255 255 255 255
255 255 255 255   0  48 255 255   0 255  48 255 255   0 255 255
255 255   0   0   0 255   0 255 255   0 207   0   0 255 255 255
255 255 255 255 255 255 255 255 255   0 207 255   0   0 255 255
255 255   0 207 207 168 255   0  48 207  87 255 255 255 255 255
255 255   0   0   0 207 255   0   0 255   0   0   0   0 255 255
255 255   0   0   0 207 255   0   0 255   0   0   0 255 255 255
255 255   0   0   0   0 255 255 255   0 207 255   0   0 255 255
255 255 255 255 255 255 255 255 255 255 255 255 255 255 255 255
255 255 255 255 255 255 255 255 255 255 255 255 255 255 255 255

255 255 255 255 255 255 255 255 255 255 255 255 255 255 255 255
255 250 231 222 221 225 233 237 246 244 245 234 241 244 250 255
255 231 164 150 151 138 178 179 202 194 183 149 160 171 231 255
255 222 150 121 119 116 155 131 143 170 148  78  95 145 233 255
255 221 151 119 115 115 119  98 125 208 171  63  93 179 250 255
255 225 138 115 116 102 112 106  89 133 163 103 100 140 236 255
255 233 151 138 149 133 124 133 108  60 107 155 143 140 225 255
255 237 160 109 119 123 113 124 160 121  99 122 150 182 236 255
255 244 174  91  75 100 124 173 197 143  97 136 174 185 240 255
255 235 180 148 112 107 113 169 167 132 125 160 187 180 234 255
255 225 138 116 115 102 132 127 124 114 102 116 116 138 225 255
255 221 151 119 115 116 156 127 123 124 115 115 119 151 221 255
255 222 150 121 119 116 190 184 151 158 116 119 121 150 222 255
255 231 164 150 151 138 188 202 165 174 138 151 150 164 231 255
255 250 231 222 221 225 235 244 237 233 225 221 222 231 250 255
255 255 255 255 255 255 255 255 255 255 255 255 255 255 255 255
255 255 255 255 255 255 255 255 255 255 255 255 255 255 255 255
255 250 231 222 221 225 233 237 246 244 245 234 241 244 250 255
255 231 164 150 151 138 178 179 202 194 183 149 160 171 231 255
255 222 150 121 119 116 155 131 143 170 148  78  95 145 233 255
255 221 151 119 115 115 119  98 125 208 171  63  93 179 250 255
255 225 138 115 116 102 112 106  89 133 163 103 100 140 236 255
255 233 151 138 149 133 124 133 108  60 107 155 143 140 225 255
255 237 160 109 119 123 113 124 160 121  99 122 150 182 236 255
255 244 174  91  75 100 124 173 197 143  97 136 174 185 240 255
255 235 180 148 112 107 113 169 167 132 125 160 187 180 234 255
255 225 138 116 115 102 132 127 124 114 102 116 116 138 225 255
255 221 151 119 115 116 156 127 123 124 115 115 119 151 221 255
255 222 150 121 119 116 190 184 151 158 116 119 121 150 222 255
255 231 164 150 151 138 188 202 165 174 138 151 150 164 231 255
255 250 231 222 221 225 235 244 237 233 225 221 222 231 250 255
255 255 255 255 255 255 255 255 255 255 255 255 255 255 255 255
255 255 255 255 255 255 255 255 255 255 255 255 255 255 255 255
255 250 231 222 221 225 233 237 246 244 245 234 241 244 250 255
255 231 164 150 151 138 178 179 202 194 183 149 160 171 231 255
255 222 150 121 119 116 155 131 143 170 148  78  95 145 233 255
255 221 151 119 115 115 119  98 125 208 171  63  93 179 250 255
255 225 138 115 116 102 112 106  89 133 163 103 100 140 236 255
255 233 151 138 149 133 124 133 108  60 107 155 143 140 225 255
255 237 160 109 119 123 113 124 160 121  99 122 150 182 236 255
255 244 174  91  75 100 124 173 197 143  97 136 174 185 240 255
255 235 180 148 112 107 113 169 167 132 125 160 187 180 234 255
255 225 138 116 115 102 132 127 124 114 102 116 116 138 225 255
255 221 151 119 115 116 156 127 123 124 115 115 119 151 221 255
255 222 150 121 119 116 190 184 151 158 116 119 121 150 222 255
255 231 164 150 151 138 188 202 165 174 138 151 150 164 231 255
255 250 231 222 221 225 235 244 237 233 225 221 222 231 250 255
255 255 255 255 255 255 255 255 255 255 255 255 255 255 255 255

255 255 255 255 255 255 255 255 255 255 255 255 255 255 255 255
255 249 228 231 249 233 222 234 238 231 221 216 217 229 250 255
255 242 168 144 176 136 141 181 183 179 136 151 151 164 233 255
255 239 156  93  92 102 143 148 175 187 113 115 120 148 225 255
255 231 146  76  62 104 154 121 135 159 115 115 122 149 224 255
255 243 181 149 173 160 105  98  98 126 101 115 117 140 228 255
255 242 193 169 206 128  62 124 144 132 113 124 158 173 235 255
255 245 199 139 122  89 111 161 197 167 122 124 150 166 238 255
255 234 178 130  97 107 131 123 173 167 126 129 185 204 245 255
255 230 177 154 118 112 123 114 122 110 132 158 189 186 237 255
255 221 136 113 115 103 133 122  99 107 101 114 114 137 228 255
255 216 151 115 115 116 148 116  74 113 114 113 120 149 224 255
255 217 151 120 122 116 136 107  94 150 114 120 124 149 225 255
255 229 164 148 149 138 153 162 177 179 137 149 149 165 234 255
255 250 233 225 224 228 235 238 245 237 228 224 225 234 251 255
255 255 255 255 255 255 255 255 255 255 255 255 255 255 255 255
255 255 255 255 255 255 255 255 255 255 255 255 255 255 255 255
255 249 228 231 249 233 222 234 238 231 221 216 217 229 250 255
255 242 168 144 176 136 141 181 183 179 136 151 151 164 233 255
255 239 156  93  92 102 143 148 175 187 113 115 120 148 225 255
255 231 146  76  62 104 154 121 135 159 115 115 122 149 224 255
255 243 181 149 173 160 105  98  98 126 101 115 117 140 228 255
255 242 193 169 206 128  62 124 144 132 113 124 158 173 235 255
255 245 199 139 122  89 111 161 197 167 122 124 150 166 238 255
255 234 178 130  97 107 131 123 173 167 126 129 185 204 245 255
255 230 177 154 118 112 123 114 122 110 132 158 189 186 237 255
255 221 136 113 115 103 133 122  99 107 101 114 114 137 228 255
255 216 151 115 115 116 148 116  74 113 114 113 120 149 224 255
255 217 151 120 122 116 136 107  94 150 114 120 124 149 225 255
255 229 164 148 149 138 153 162 177 179 137 149 149 165 234 255
255 250 233 225 224 228 235 238 245 237 228 224 225 234 251 255
255 255 255 255 255 255 255 255 255 255 255 255 255 255 255 255
255 255 255 255 255 255 255 255 255 255 255 255 255 255 255 255
255 249 228 231 249 233 222 234 238 231 221 216 217 229 250 255
255 242 168 144 176 136 141 181 183 179 136 151 151 164 233 255
255 239 156  93  92 102 143 148 175 187 113 115 120 148 225 255
255 231 146  76  62 104 154 121 135 159 115 115 122 149 224 255
255 243 181 149 173 160 105  98  98 126 101 115 117 140 228 255
255 242 193 169 206 128  62 124 144 132 113 124 158 173 235 255
255 245 199 139 122  89 111 161 197 167 122 124 150 166 238 255
255 234 178 130  97 107 131 123 173 167 126 129 185 204 245 255
255 230 177 154 118 112 123 114 122 110 132 158 189 186 237 255
255 221 136 113 115 103 133 122  99 107 101 114 114 137 228 255
255 216 151 115 115 116 148 116  74 113 114 113 120 149 224 255
255 217 151 120 122 116 136 107  94 150 114 120 124 149 225 255
255 229 164 148 149 138 153 162 177 179 137 149 149 165 234 255
255 250 233 225 224 228 235 238 245 237 228 224 225 234 251 255
255 255 255 255 255 255 255 255 255 255 255 255 255 255 255 255

255 255 255 255 255 255 255 255 255 255 255 255 255 255 255 255
255 250 231 222 221 225 233 237 244 235 225 221 222 231 250 255
255 231 164 150 151 138 174 165 202 188 138 151 150 164 231 255
255 222 150 121 119 116 158 151 184 190 116 119 121 150 222 255
255 221 151 119 115 115 124 123 127 156 116 115 119 151 221 255
255 225 138 116 116 102 114 124 127 132 102 115 116 138 225 255
255 234 180 187 160 125 132 167 169 113 107 112 148 180 235 255
255 240 185 174 136  97 143 197 173 124 100  75  91 174 244 255
255 236 182 150 122  99 121 160 124 113 123 119 109 160 237 255
255 225 140 143 155 107  60 108 133 124 133 149 138 151 233 255
255 236 140 100 103 163 133  89 106 112 102 116 115 138 225 255
255 250 179  93  63 171 208 125  98 119 115 115 119 151 221 255
255 233 145  95  78 148 170 143 131 155 116 119 121 150 222 255
255 231 171 160 149 183 194 202 179 178 138 151 150 164 231 255
255 250 244 241 234 245 244 246 237 233 225 221 222 231 250 255
255 255 255 255 255 255 255 255 255 255 255 255 255 255 255 255
255 255 255 255 255 255 255 255 255 255 255 255 255 255 255 255
255 250 231 222 221 225 233 237 244 235 225 221 222 231 250 255
255 231 164 150 151 138 174 165 202 188 138 151 150 164 231 255
255 222 150 121 119 116 158 151 184 190 116 119 121 150 222 255
255 221 151 119 115 115 124 123 127 156 116 115 119 151 221 255
255 225 138 116 116 102 114 124 127 132 102 115 116 138 225 255
255 234 180 187 160 125 132 167 169 113 107 112 148 180 235 255
255 240 185 174 136  97 143 197 173 124 100  75  91 174 244 255
255 236 182 150 122  99 121 160 124 113 123 119 109 160 237 255
255 225 140 143 155 107  60 108 133 124 133 149 138 151 233 255
255 236 140 100 103 163 133  89 106 112 102 116 115 138 225 255
255 250 179  93  63 171 208 125  98 119 115 115 119 151 221 255
255 233 145  95  78 148 170 143 131 155 116 119 121 150 222 255
255 231 171 160 149 183 194 202 179 178 138 151 150 164 231 255
255 250 244 241 234 245 244 246 237 233 225 221 222 231 250 255
255 255 255 255 255 255 255 255 255 255 255 255 255 255 255 255
255 255 255 255 255 255 255 255 255 255 255 255 255 255 255 255
255 250 231 222 221 225 233 237 244 235 225 221 222 231 250 255
255 231 164 150 151 138 174 165 202 188 138 151 150 164 231 255
255 222 150 121 119 116 158 151 184 190 116 119 121 150 222 255
255 221 151 119 115 115 124 123 127 156 116 115 119 151 221 255
255 225 138 116 116 102 114 124 127 132 102 115 116 138 225 255
255 234 180 187 160 125 132 167 169 113 107 112 148 180 235 255
255 240 185 174 136  97 143 197 173 124 100  75  91 174 244 255
255 236 182 150 122  99 121 160 124 113 123 119 109 160 237 255
255 225 140 143 155 107  60 108 133 124 133 149 138 151 233 255
255 236 140 100 103 163 133  89 106 112 102 116 115 138 225 255
255 250 179  93  63 171 208 125  98 119 115 115 119 151 221 255
255 233 145  95  78 148 170 143 131 155 116 119 121 150 222 255
255 231 171 160 149 183 194 202 179 178 138 151 150 164 231 255
255 250 244 241 234 245 244 246 237 233 225 221 222 231 250 255
255 255 255 255 255 255 255 255 255 255 255 255 255 255 255 255
