255 255 255 255 255 255 255 255 255 255 255 255 255 255 255 255
255 255 255 255 255 255 255 255 255 255 255 255 255 255 255 255
255 255   0   0   0   0 255   0 255 255   0   0   0   0 255 255
255 255   0   0   0 207 255   0 255 255 207   0   0   0 255 255
255 255   0   0   0 207 255 255 255 255 207   0   0   0 255 255
255 255   0 207 207 168 255  48  48 255 168 207 207   0 255 255
255 255 255 255 255 255 255 255   0 255 255 255 255 255 255 255
255 255   0   0   0  48   0   0   0 255  48 255 255   0 255 255
255 255   0   0   0 255 255   0 255   0 207   0   0 255 255 255
255 255 255 255 255 255 255   0 255   0 207 255   0   0 255 255
255 255   0 207 207 168 255 207  48 207  87 255 255 255 255 255
255 255   0   0   0 207 255   0   0 255   0   0   0   0 255 255
255 255   0   0   0 207 255   0   0 255   0   0   0 255 255 255
255 255   0   0   0   0 255 255 255   0 207 255   0   0 255 255
255 255 255 255 255 255 255 255 255 255 255 255 255 255 255 255
255 255 255 255 255 255 255 255 255 255 255 255 255 255 255 255
255 255 255 255 255 255 255 255 255 255 255 255 255 255 255 255
255 255 255 255 255 255 255 255 255 255 255 255 255 255 255 255
255 255   0   0   0   0 255   0 255 255   0   0   0   0 255 255
255 255   0   0   0 207 255   0 255 255 207   0   0   0 255 255
255 255   0   0   0 207 255 255 255 255 207   0   0   0 255 255
255 255   0 207 207 168 255  48  48 255 168 207 207   0 255 255
255 255 255 255 255 255 255 255   0 255 255 255 255 255 255 255
255 255   0   0   0  48   0   0   0 255  48 255 255   0 255 255
255 255   0   0   0 255 255   0 255   0 207   0   0 255 255 255
255 255 255 255 255 255 255   0 255   0 207 255   0   0 255 255
255 255   0 207 207 168 255 207  48 207  87 255 255 255 255 255
255 255   0   0   0 207 255   0   0 255   0   0   0   0 255 255
255 255   0   0   0 207 255   0   0 255   0   0   0 255 255 255
255 255   0   0   0   0 255 255 255   0 207 255   0   0 255 255
255 255 255 255 255 255 255 255 255 255 255 255 255 255 255 255
255 255 255 255 255 255 255 255 255 255 255 255 255 255 255 255
255 255 255 255 255 255 255 255 255 255 255 255 255 255 255 255
255 255 255 255 255 255 255 255 255 255 255 255 255 255 255 255
255 255   0   0   0   0 255   0 255 255   0   0   0   0 255 255
255 255   0   0   0 207 255   0 255 255 207   0   0   0 255 255
255 255   0   0   0 207 255 255 255 255 207   0   0   0 255 255
255 255   0 207 207 168 255  48  48 255 168 207 207   0 255 255
255 255 255 255 255 255 255 255   0 255 255 255 255 255 255 255
255 255   0   0   0  48   0   0   0 255  48 255 255   0 255 255
255 255   0   0   0 255 255   0 255   0 207   0   0 255 255 255
255 255 255 255 255 255 255   0 255   0 207 255   0   0 255 255
255 255   0 207 207 168 255 207  48 207  87 255 255 255 255 255
255 255   0   0   0 207 255   0   0 255   0   0   0   0 255 255
255 255   0   0   0 207 255   0   0 255   0   0   0 255 255 255
255 255   0   0   0   0 255 255 255   0 207 255   0   0 255 255
255 255 255 255 255 255 255 255 255 255 255 255 255 255 255 255
255 255 255 255 255 255 255 255 255 255 255 255 255 255 255 255

255 255 255 255 255 255 255 255 255 255 255 255 255 255 255 255
255 250 231 222 221 225 233 237 246 244 245 234 241 244 250 255
255 231 164 150 151 138 178 179 195 173 176 149 160 171 231 255
255 222 150 121 119 116 155 131 135 147 140  78  95 145 233 255
255 221 151 119 115 115 119  98 124 206 170  63  93 179 250 255
255 225 138 114 115 102 112 106  89 133 163 103 100 140 236 255
255 235 156 119 135 134 122 130 106  63 108 148 140 143 226 255
255 244 178 134 137 137  94  80 113 120 108  81 142 209 244 255
255 237 171 123 114 131  91  47  70  89 114 108 181 225 248 255
255 233 176 152 120 113  90  70 106 101 128 158 190 188 235 255
255 225 138 116 115 102 128 119 142 137 103 116 116 138 225 255
255 221 151 119 115 116 158 122 122 158 116 115 119 151 221 255
255 222 150 121 119 116 191 181 149 179 116 119 121 150 222 255
255 231 164 150 151 138 178 160 146 173 138 151 150 164 231 255
255 250 231 222 221 225 231 224 224 231 225 221 222 231 250 255
255 255 255 255 255 255 255 255 255 255 255 255 255 255 255 255
255 255 255 255 255 255 255 255 255 255 255 255 255 255 255 255
255 250 231 222 221 225 233 237 246 244 245 234 241 244 250 255
255 231 164 150 151 138 178 179 195 173 176 149 160 171 231 255
255 222 150 121 119 116 155 131 135 147 140  78  95 145 233 255
255 221 151 119 115 115 119  98 124 206 170  63  93 179 250 255
255 225 138 114 115 102 112 106  89 133 163 103 100 140 236 255
255 235 156 119 135 134 122 130 106  63 108 148 140 143 226 255
255 244 178 134 137 137  94  80 113 120 108  81 142 209 244 255
255 237 171 123 114 131  91  47  70  89 114 108 181 225 248 255
255 233 176 152 120 113  90  70 106 101 128 158 190 188 235 255
255 225 138 116 115 102 128 119 142 137 103 116 116 138 225 255
255 221 151 119 115 116 158 122 122 158 116 115 119 151 221 255
255 222 150 121 119 116 191 181 149 179 116 119 121 150 222 255
255 231 164 150 151 138 178 160 146 173 138 151 150 164 231 255
255 250 231 222 221 225 231 224 224 231 225 221 222 231 250 255
255 255 255 255 255 255 255 255 255 255 255 255 255 255 255 255
255 255 255 255 255 255 255 255 255 255 255 255 255 255 255 255
255 250 231 222 221 225 233 237 246 244 245 234 241 244 250 255
255 231 164 150 151 138 178 179 195 173 176 149 160 171 231 255
255 222 150 121 119 116 155 131 135 147 140  78  95 145 233 255
255 221 151 119 115 115 119  98 124 206 170  63  93 179 250 255
255 225 138 114 115 102 112 106  89 133 163 103 100 140 236 255
255 235 156 119 135 134 122 130 106  63 108 148 140 143 226 255
255 244 178 134 137 137  94  80 113 120 108  81 142 209 244 255
255 237 171 123 114 131  91  47  70  89 114 108 181 225 248 255
255 233 176 152 120 113  90  70 106 101 128 158 190 188 235 255
255 225 138 116 115 102 128 119 142 137 103 116 116 138 225 255
255 221 151 119 115 116 158 122 122 158 116 115 119 151 221 255
255 222 150 121 119 116 191 181 149 179 116 119 121 150 222 255
255 231 164 150 151 138 178 160 146 173 138 151 150 164 231 255
255 250 231 222 221 225 231 224 224 231 225 221 222 231 250 255
255 255 255 255 255 255 255 255 255 255 255 255 255 255 255 255

255 255 255 255 255 255 255 255 255 255 255 255 255 255 255 255
255 249 228 231 249 233 223 243 247 232 221 216 217 229 250 255
255 242 168 144 176 136 144 209 224 186 136 151 151 164 233 255
255 239 156  93  92 102 140 139 180 189 113 115 120 148 225 255
255 231 146  76  62 104 145  78 108 157 115 115 122 149 224 255
255 243 172 140 173 160 106 108 113 127 103 117 119 140 228 255
255 242 171 148 205 128  66 120  86 102 138 157 178 172 233 255
255 245 192 132 122  89 108 110  68 107 141 122 148 145 227 255
255 234 178 130  97 107 128  77  46  70 120 125 182 160 227 255
255 230 177 154 118 112 120  94  92  91 130 159 189 178 234 255
255 221 136 113 115 103 134 138 131 113 101 114 114 137 228 255
255 216 151 115 115 115 134 135 113 121 114 113 120 149 224 255
255 217 151 120 122 114 120 133 124 154 114 120 124 149 225 255
255 229 164 148 149 138 158 180 171 176 137 149 149 165 234 255
255 250 233 225 224 228 237 245 238 235 228 224 225 234 251 255
255 255 255 255 255 255 255 255 255 255 255 255 255 255 255 255
255 255 255 255 255 255 255 255 255 255 255 255 255 255 255 255
255 249 228 231 249 233 223 243 247 232 221 216 217 229 250 255
255 242 168 144 176 136 144 209 224 186 136 151 151 164 233 255
255 239 156  93  92 102 140 139 180 189 113 115 120 148 225 255
255 231 146  76  62 104 145  78 108 157 115 115 122 149 224 255
255 243 172 140 173 160 106 108 113 127 103 117 119 140 228 255
255 242 171 148 205 128  66 120  86 102 138 157 178 172 233 255
255 245 192 132 122  89 108 110  68 107 141 122 148 145 227 255
255 234 178 130  97 107 128  77  46  70 120 125 182 160 227 255
255 230 177 154 118 112 120  94  92  91 130 159 189 178 234 255
255 221 136 113 115 103 134 138 131 113 101 114 114 137 228 255
255 216 151 115 115 115 134 135 113 121 114 113 120 149 224 255
255 217 151 120 122 114 120 133 124 154 114 120 124 149 225 255
255 229 164 148 149 138 158 180 171 176 137 149 149 165 234 255
255 250 233 225 224 228 237 245 238 235 228 224 225 234 251 255
255 255 255 255 255 255 255 255 255 255 255 255 255 255 255 255
255 255 255 255 255 255 255 255 255 255 255 255 255 255 255 255
255 249 228 231 249 233 223 243 247 232 221 216 217 229 250 255
255 242 168 144 176 136 144 209 224 186 136 151 151 164 233 255
255 239 156  93  92 102 140 139 180 189 113 115 120 148 225 255
255 231 146  76  62 104 145  78 108 157 115 115 122 149 224 255
255 243 172 140 173 160 106 108 113 127 103 117 119 140 228 255
255 242 171 148 205 128  66 120  86 102 138 157 178 172 233 255
255 245 192 132 122  89 108 110  68 107 141 122 148 145 227 255
255 234 178 130  97 107 128  77  46  70 120 125 182 160 227 255
255 230 177 154 118 112 120  94  92  91 130 159 189 178 234 255
255 221 136 113 115 103 134 138 131 113 101 114 114 137 228 255
255 216 151 115 115 115 134 135 113 121 114 113 120 149 224 255
255 217 151 120 122 114 120 133 124 154 114 120 124 149 225 255
255 229 164 148 149 138 158 180 171 176 137 149 149 165 234 255
255 250 233 225 224 228 237 245 238 235 228 224 225 234 251 255
255 255 255 255 255 255 255 255 255 255 255 255 255 255 255 255

255 255 255 255 255 255 255 255 255 255 255 255 255 255 255 255
255 250 231 222 221 225 231 224 224 231 225 221 222 231 250 255
255 231 164 150 151 138 173 146 160 178 138 151 150 164 231 255
255 222 150 121 119 116 179 149 181 191 116 119 121 150 222 255
255 221 151 119 115 116 158 122 122 158 116 115 119 151 221 255
255 225 138 116 116 103 137 142 119 128 102 115 116 138 225 255
255 235 188 190 158 128 101 106  70  90 113 120 152 176 233 255
255 248 225 181 108 114  89  70  47  91 131 114 123 171 237 255
255 244 209 142  81 108 120 113  80  94 137 137 134 178 244 255
255 226 143 140 148 108  63 106 130 122 134 135 119 156 235 255
255 236 140 100 103 163 133  89 106 112 102 115 114 138 225 255
255 250 179  93  63 170 206 124  98 119 115 115 119 151 221 255
255 233 145  95  78 140 147 135 131 155 116 119 121 150 222 255
255 231 171 160 149 176 173 195 179 178 138 151 150 164 231 255
255 250 244 241 234 245 244 246 237 233 225 221 222 231 250 255
255 255 255 255 255 255 255 255 255 255 255 255 255 255 255 255
255 255 255 255 255 255 255 255 255 255 255 255 255 255 255 255
255 250 231 222 221 225 231 224 224 231 225 221 222 231 250 255
255 231 164 150 151 138 173 146 160 178 138 151 150 164 231 255
255 222 150 121 119 116 179 149 181 191 116 119 121 150 222 255
255 221 151 119 115 116 158 122 122 158 116 115 119 151 221 255
255 225 138 116 116 103 137 142 119 128 102 115 116 138 225 255
255 235 188 190 158 128 101 106  70  90 113 120 152 176 233 255
255 248 225 181 108 114  89  70  47  91 131 114 123 171 237 255
255 244 209 142  81 108 120 113  80  94 137 137 134 178 244 255
255 226 143 140 148 108  63 106 130 122 134 135 119 156 235 255
255 236 140 100 103 163 133  89 106 112 102 115 114 138 225 255
255 250 179  93  63 170 206 124  98 119 115 115 119 151 221 255
255 233 145  95  78 140 147 135 131 155 116 119 121 150 222 255
255 231 171 160 149 176 173 195 179 178 138 151 150 164 231 255
255 250 244 241 234 245 244 246 237 233 225 221 222 231 250 255
255 255 255 255 255 255 255 255 255 255 255 255 255 255 255 255
255 255 255 255 255 255 255 255 255 255 255 255 255 255 255 255
255 250 231 222 221 225 231 224 224 231 225 221 222 231 250 255
255 231 164 150 151 138 173 146 160 178 138 151 150 164 231 255
255 222 150 121 119 116 179 149 181 191 116 119 121 150 222 255
255 221 151 119 115 116 158 122 122 158 116 115 119 151 221 255
255 225 138 116 116 103 137 142 119 128 102 115 116 138 225 255
255 235 188 190 158 128 101 106  70  90 113 120 152 176 233 255
255 248 225 181 108 114  89  70  47  91 131 114 123 171 237 255
255 244 209 142  81 108 120 113  80  94 137 137 134 178 244 255
255 226 143 140 148 108  63 106 130 122 134 135 119 156 235 255
255 236 140 100 103 163 133  89 106 112 102 115 114 138 225 255
255 250 179  93  63 170 206 124  98 119 115 115 119 151 221 255
255 233 145  95  78 140 147 135 131 155 116 119 121 150 222 255
255 231 171 160 149 176 173 195 179 178 138 151 150 164 231 255
255 250 244 241 234 245 244 246 237 233 225 221 222 231 250 255
255 255 255 255 255 255 255 255 255 255 255 255 255 255 255 255
