255 255 255 255 255 255 255 255 255 255 255 255 255 255 255 255
255 255 255 255 255 255 255 255 255 255 255 255 255 255 255 255
255 255   0   0   0   0 255   0 255 255   0   0   0   0 255 255
255 255   0   0   0 207 255 255 255 255 207   0   0   0 255 255
255 255   0   0   0 207 255 255 255 255 207   0   0   0 255 255
255 255   0 207 207 168 255  48  48 255 168 207 207   0 255 255
255 255 255 255 255 255 255   0   0 255 255 255 255 255 255 255
255 255   0 255   0 255   0   0   0 255  48 255 255   0 255 255
255 255   0 255 255 255   0   0 255   0 207   0   0 255 255 255
255 255 255 255 255 255 255   0 255   0 207 255   0   0 255 255
255 255   0 207 207 168 255 207  48 207  87 255 255 255 255 255
255 255   0   0   0 207 255   0   0 255   0   0   0   0 255 255
255 255   0   0   0 207 255   0   0 255   0   0   0 255 255 255
255 255   0   0   0   0 255   0 255   0 207 255   0   0 255 255
255 255 255 255 255 255 255 255 255 255 255 255 255 255 255 255
255 255 255 255 255 255 255 255 255 255 255 255 255 255 255 255
255 255 255 255 255 255 255 255 255 255 255 255 255 255 255 255
255 255 255 255 255 255 255 255 255 255 255 255 255 255 255 255
255 255   0   0   0   0 255   0 255 255   0   0   0   0 255 255
255 255   0   0   0 207 255 255 255 255 207   0   0   0 255 255
255 255   0   0   0 207 255 255 255 255 207   0   0   0 255 255
255 255   0 207 207 168 255  48  48 255 168 207 207   0 255 255
255 255 255 255 255 255 255   0   0 255 255 255 255 255 255 255
255 255   0 255   0 255   0   0   0 255  48 255 255   0 255 255
255 255   0 255 255 255   0   0 255   0 207   0   0 255 255 255
255 255 255 255 255 255 255   0 255   0 207 255   0   0 255 255
255 255   0 207 207 168 255 207  48 207  87 255 255 255 255 255
255 255   0   0   0 207 255   0   0 255   0   0   0   0 255 255
255 255   0   0   0 207 255   0   0 255   0   0   0 255 255 255
255 255   0   0   0   0 255   0 255   0 207 255   0   0 255 255
255 255 255 255 255 255 255 255 255 255 255 255 255 255 255 255
255 255 255 255 255 255 255 255 255 255 255 255 255 255 255 255
255 255 255 255 255 255 255 255 255 255 255 255 255 255 255 255
255 255 255 255 255 255 255 255 255 255 255 255 255 255 255 255
255 255   0   0   0   0 255   0 255 255   0   0   0   0 255 255
255 255   0   0   0 207 255 255 255 255 207   0   0   0 255 255
255 255   0   0   0 207 255 255 255 255 207   0   0   0 255 255
255 255   0 207 207 168 255  48  48 255 168 207 207   0 255 255
255 255 255 255 255 255 255   0   0 255 255 255 255 255 255 255
255 255   0 255   0 255   0   0   0 255  48 255 255   0 255 255
255 255   0 255 255 255   0   0 255   0 207   0   0 255 255 255
255 255 255 255 255 255 255   0 255   0 207 255   0   0 255 255
255 255   0 207 207 168 255 207  48 207  87 255 255 255 255 255
255 255   0   0   0 207 255   0   0 255   0   0   0   0 255 255
255 255   0   0   0 207 255   0   0 255   0   0   0 255 255 255
255 255   0   0   0   0 255   0 255   0 207 255   0   0 255 255
255 255 255 255 255 255 255 255 255 255 255 255 255 255 255 255
255 255 255 255 255 255 255 255 255 255 255 255 255 255 255 255

255 255 255 255 255 255 255 255 255 255 255 255 255 255 255 255
255 250 231 222 221 225 233 237 246 244 245 234 241 244 250 255
255 231 164 150 151 138 178 179 189 174 182 149 160 171 231 255
255 222 150 121 119 116 155 130 129 148 148  78  95 145 233 255
255 221 151 119 115 115 119  97 124 206 171  63  93 179 250 255
255 225 139 116 116 102 112 106  89 133 163 103 100 140 236 255
255 247 196 177 163 133 120 132 107  61 106 153 143 143 226 255
255 250 217 181 152 126  70  91 119 109  94 116 151 191 240 255
255 237 183 142 119 113  53  65  69  82 100 142 172 176 237 255
255 233 178 155 121 110  91  98  93 110 127 163 186 176 233 255
255 225 138 116 115 102 135 147 148 126 103 116 116 138 225 255
255 221 151 119 115 116 159 149 163 131 115 115 119 151 221 255
255 222 150 121 119 116 181 155 164 150 115 119 121 150 222 255
255 231 164 150 151 138 176 164 181 189 139 151 150 164 231 255
255 250 231 222 221 225 233 233 239 244 225 221 222 231 250 255
255 255 255 255 255 255 255 255 255 255 255 255 255 255 255 255
255 255 255 255 255 255 255 255 255 255 255 255 255 255 255 255
255 250 231 222 221 225 233 237 246 244 245 234 241 244 250 255
255 231 164 150 151 138 178 179 189 174 182 149 160 171 231 255
255 222 150 121 119 116 155 130 129 148 148  78  95 145 233 255
255 221 151 119 115 115 119  97 124 206 171  63  93 179 250 255
255 225 139 116 116 102 112 106  89 133 163 103 100 140 236 255
255 247 196 177 163 133 120 132 107  61 106 153 143 143 226 255
255 250 217 181 152 126  70  91 119 109  94 116 151 191 240 255
255 237 183 142 119 113  53  65  69  82 100 142 172 176 237 255
255 233 178 155 121 110  91  98  93 110 127 163 186 176 233 255
255 225 138 116 115 102 135 147 148 126 103 116 116 138 225 255
255 221 151 119 115 116 159 149 163 131 115 115 119 151 221 255
255 222 150 121 119 116 181 155 164 150 115 119 121 150 222 255
255 231 164 150 151 138 176 164 181 189 139 151 150 164 231 255
255 250 231 222 221 225 233 233 239 244 225 221 222 231 250 255
255 255 255 255 255 255 255 255 255 255 255 255 255 255 255 255
255 255 255 255 255 255 255 255 255 255 255 255 255 255 255 255
255 250 231 222 221 225 233 237 246 244 245 234 241 244 250 255
255 231 164 150 151 138 178 179 189 174 182 149 160 171 231 255
255 222 150 121 119 116 155 130 129 148 148  78  95 145 233 255
255 221 151 119 115 115 119  97 124 206 171  63  93 179 250 255
255 225 139 116 116 102 112 106  89 133 163 103 100 140 236 255
255 247 196 177 163 133 120 132 107  61 106 153 143 143 226 255
255 250 217 181 152 126  70  91 119 109  94 116 151 191 240 255
255 237 183 142 119 113  53  65  69  82 100 142 172 176 237 255
255 233 178 155 121 110  91  98  93 110 127 163 186 176 233 255
255 225 138 116 115 102 135 147 148 126 103 116 116 138 225 255
255 221 151 119 115 116 159 149 163 131 115 115 119 151 221 255
255 222 150 121 119 116 181 155 164 150 115 119 121 150 222 255
255 231 164 150 151 138 176 164 181 189 139 151 150 164 231 255
255 250 231 222 221 225 233 233 239 244 225 221 222 231 250 255
255 255 255 255 255 255 255 255 255 255 255 255 255 255 255 255

255 255 255 255 255 255 255 255 255 255 255 255 255 255 255 255
255 249 228 231 249 233 223 238 234 230 221 216 217 229 250 255
255 242 168 144 176 136 144 190 174 176 136 151 151 164 233 255
255 239 156  93  92 102 143 150 173 186 113 115 120 148 225 255
255 231 146  76  62 104 151 114 142 161 115 115 122 149 224 255
255 243 179 148 173 160 104  94 100 127 102 114 116 140 229 255
255 242 172 148 205 128  64 109  80 110 127 132 151 190 245 255
255 245 186 126 122  89 110 117  67  95 149 162 163 181 240 255
255 234 177 129  97 107 130  87  64  99 147 149 155 165 235 255
255 230 177 154 118 112 118  68  53  92 135 160 181 176 235 255
255 221 136 113 115 103 133 127 115 110 101 114 114 137 228 255
255 216 151 115 115 117 164 151 119 122 114 113 120 149 224 255
255 217 151 120 122 118 177 179 143 157 114 120 124 149 225 255
255 229 164 148 149 140 199 217 182 177 137 149 149 165 234 255
255 250 233 225 224 229 247 250 238 235 228 224 225 234 251 255
255 255 255 255 255 255 255 255 255 255 255 255 255 255 255 255
255 255 255 255 255 255 255 255 255 255 255 255 255 255 255 255
255 249 228 231 249 233 223 238 234 230 221 216 217 229 250 255
255 242 168 144 176 136 144 190 174 176 136 151 151 164 233 255
255 239 156  93  92 102 143 150 173 186 113 115 120 148 225 255
255 231 146  76  62 104 151 114 142 161 115 115 122 149 224 255
255 243 179 148 173 160 104  94 100 127 102 114 116 140 229 255
255 242 172 148 205 128  64 109  80 110 127 132 151 190 245 255
255 245 186 126 122  89 110 117  67  95 149 162 163 181 240 255
255 234 177 129  97 107 130  87  64  99 147 149 155 165 235 255
255 230 177 154 118 112 118  68  53  92 135 160 181 176 235 255
255 221 136 113 115 103 133 127 115 110 101 114 114 137 228 255
255 216 151 115 115 117 164 151 119 122 114 113 120 149 224 255
255 217 151 120 122 118 177 179 143 157 114 120 124 149 225 255
255 229 164 148 149 140 199 217 182 177 137 149 149 165 234 255
255 250 233 225 224 229 247 250 238 235 228 224 225 234 251 255
255 255 255 255 255 255 255 255 255 255 255 255 255 255 255 255
255 255 255 255 255 255 255 255 255 255 255 255 255 255 255 255
255 249 228 231 249 233 223 238 234 230 221 216 217 229 250 255
255 242 168 144 176 136 144 190 174 176 136 151 151 164 233 255
255 239 156  93  92 102 143 150 173 186 113 115 120 148 225 255
255 231 146  76  62 104 151 114 142 161 115 115 122 149 224 255
255 243 179 148 173 160 104  94 100 127 102 114 116 140 229 255
255 242 172 148 205 128  64 109  80 110 127 132 151 190 245 255
255 245 186 126 122  89 110 117  67  95 149 162 163 181 240 255
255 234 177 129  97 107 130  87  64  99 147 149 155 165 235 255
255 230 177 154 118 112 118  68  53  92 135 160 181 176 235 255
255 221 136 113 115 103 133 127 115 110 101 114 114 137 228 255
255 216 151 115 115 117 164 151 119 122 114 113 120 149 224 255
255 217 151 120 122 118 177 179 143 157 114 120 124 149 225 255
255 229 164 148 149 140 199 217 182 177 137 149 149 165 234 255
255 250 233 225 224 229 247 250 238 235 228 224 225 234 251 255
255 255 255 255 255 255 255 255 255 255 255 255 255 255 255 255

255 255 255 255 255 255 255 255 255 255 255 255 255 255 255 255
255 250 231 222 221 225 244 239 233 233 225 221 222 231 250 255
255 231 164 150 151 139 189 181 164 176 138 151 150 164 231 255
255 222 150 121 119 115 150 164 155 181 116 119 121 150 222 255
255 221 151 119 115 115 131 163 149 159 116 115 119 151 221 255
255 225 138 116 116 103 126 148 147 135 102 115 116 138 225 255
255 233 176 186 163 127 110  93  98  91 110 121 155 178 233 255
255 237 176 172 142 100  82  69  65  53 113 119 142 183 237 255
255 240 191 151 116  94 109 119  91  70 126 152 181 217 250 255
255 226 143 143 153 106  61 107 132 120 133 163 177 196 247 255
255 236 140 100 103 163 133  89 106 112 102 116 116 139 225 255
255 250 179  93  63 171 206 124  97 119 115 115 119 151 221 255
255 233 145  95  78 148 148 129 130 155 116 119 121 150 222 255
255 231 171 160 149 182 174 189 179 178 138 151 150 164 231 255
255 250 244 241 234 245 244 246 237 233 225 221 222 231 250 255
255 255 255 255 255 255 255 255 255 255 255 255 255 255 255 255
255 255 255 255 255 255 255 255 255 255 255 255 255 255 255 255
255 250 231 222 221 225 244 239 233 233 225 221 222 231 250 255
255 231 164 150 151 139 189 181 164 176 138 151 150 164 231 255
255 222 150 121 119 115 150 164 155 181 116 119 121 150 222 255
255 221 151 119 115 115 131 163 149 159 116 115 119 151 221 255
255 225 138 116 116 103 126 148 147 135 102 115 116 138 225 255
255 233 176 186 163 127 110  93  98  91 110 121 155 178 233 255
255 237 176 172 142 100  82  69  65  53 113 119 142 183 237 255
255 240 191 151 116  94 109 119  91  70 126 152 181 217 250 255
255 226 143 143 153 106  61 107 132 120 133 163 177 196 247 255
255 236 140 100 103 163 133  89 106 112 102 116 116 139 225 255
255 250 179  93  63 171 206 124  97 119 115 115 119 151 221 255
255 233 145  95  78 148 148 129 130 155 116 119 121 150 222 255
255 231 171 160 149 182 174 189 179 178 138 151 150 164 231 255
255 250 244 241 234 245 244 246 237 233 225 221 222 231 250 255
255 255 255 255 255 255 255 255 255 255 255 255 255 255 255 255
255 255 255 255 255 255 255 255 255 255 255 255 255 255 255 255
255 250 231 222 221 225 244 239 233 233 225 221 222 231 250 255
255 231 164 150 151 139 189 181 164 176 138 151 150 164 231 255
255 222 150 121 119 115 150 164 155 181 116 119 121 150 222 255
255 221 151 119 115 115 131 163 149 159 116 115 119 151 221 255
255 225 138 116 116 103 126 148 147 135 102 115 116 138 225 255
255 233 176 186 163 127 110  93  98  91 110 121 155 178 233 255
255 237 176 172 142 100  82  69  65  53 113 119 142 183 237 255
255 240 191 151 116  94 109 119  91  70 126 152 181 217 250 255
255 226 143 143 153 106  61 107 132 120 133 163 177 196 247 255
255 236 140 100 103 163 133  89 106 112 102 116 116 139 225 255
255 250 179  93  63 171 206 124  97 119 115 115 119 151 221 255
255 233 145  95  78 148 148 129 130 155 116 119 121 150 222 255
255 231 171 160 149 182 174 189 179 178 138 151 150 164 231 255
255 250 244 241 234 245 244 246 237 233 225 221 222 231 250 255
255 255 255 255 255 255 255 255 255 255 255 255 255 255 255 255
