255 255 255 255 255 255 255 255 255 255 255 255 255 255 255 255
255   0   0   0   0   0   0 255   0 255   0   0   0   0   0 255
255   0 255 255 255   0 255   0   0   0   0 255 255 255   0 255
255   0 255   0 223   0   0   0   0   0   0 223   0 255   0 255
255   0 255 223 251   0   0   0  32 223   0 251 223 255   0 255
255   0   0   0   0   0   0 255 255   0   0   0   0   0   0 255
255   0 255 255 223   0   0 255   0 255   0   0   0 255   0 255
255 255   0 255 223 255   0 255   0   0 255  32   0   0   0 255
255   0 255   0 255 255   0 255 255 255   0 223 255 255 255 255
255 255   0 255 223   0 255 255 255   0   0 255 255   0 255 255
255   0   0   0   0   0   0   0 255   0 255 255 255   0 255 255
255   0 255 223 251   0 223   0   0  32 223  28   0 223 223 255
255   0 255   0 223   0 255 255   0   0 255  32   0   0   0 255
255   0 255 255 255   0 255 255 255 255   0 223 255   0 255 255
255   0   0   0   0   0   0   0 255   0   0 255 255   0   0 255
255 255 255 255 255 255 255 255 255 255 255 255 255 255 255 255
255 255 255 255 255 255 255 255 255 255 255 255 255 255 255 255
255   0   0   0   0   0   0 255   0 255   0   0   0   0   0 255
255   0 255 255 255   0 255   0   0   0   0 255 255 255   0 255
255   0 255   0 223   0   0   0   0   0   0 223   0 255   0 255
255   0 255 223 251   0   0   0  32 223   0 251 223 255   0 255
255   0   0   0   0   0   0 255 255   0   0   0   0   0   0 255
255   0 255 255 223   0   0 255   0 255   0   0   0 255   0 255
255 255   0 255 223 255   0 255   0   0 255  32   0   0   0 255
255   0 255   0 255 255   0 255 255 255   0 223 255 255 255 255
255 255   0 255 223   0 255 255 255   0   0 255 255   0 255 255
255   0   0   0   0   0   0   0 255   0 255 255 255   0 255 255
255   0 255 223 251   0 223   0   0  32 223  28   0 223 223 255
255   0 255   0 223   0 255 255   0   0 255  32   0   0   0 255
255   0 255 255 255   0 255 255 255 255   0 223 255   0 255 255
255   0   0   0   0   0   0   0 255   0   0 255 255   0   0 255
255 255 255 255 255 255 255 255 255 255 255 255 255 255 255 255
255 255 255 255 255 255 255 255 255 255 255 255 255 255 255 255
255   0   0   0   0   0   0 255   0 255   0   0   0   0   0 255
255   0 255 255 255   0 255   0   0   0   0 255 255 255   0 255
255   0 255   0 223   0   0   0   0   0   0 223   0 255   0 255
255   0 255 223 251   0   0   0  32 223   0 251 223 255   0 255
255   0   0   0   0   0   0 255 255   0   0   0   0   0   0 255
255   0 255 255 223   0   0 255   0 255   0   0   0 255   0 255
255 255   0 255 223 255   0 255   0   0 255  32   0   0   0 255
255   0 255   0 255 255   0 255 255 255   0 223 255 255 255 255
255 255   0 255 223   0 255 255 255   0   0 255 255   0 255 255
255   0   0   0   0   0   0   0 255   0 255 255 255   0 255 255
255   0 255 223 251   0 223   0   0  32 223  28   0 223 223 255
255   0 255   0 223   0 255 255   0   0 255  32   0   0   0 255
255   0 255 255 255   0 255 255 255 255   0 223 255   0 255 255
255   0   0   0   0   0   0   0 255   0   0 255 255   0   0 255
255 255 255 255 255 255 255 255 255 255 255 255 255 255 255 255

251 230 226 226 225 235 235 238 249 244 241 243 233 244 239 251
230 113 114 113 103 144 153 157 190 148 144 167 113 157 133 231
226 114 124 100 120 144 161 129 118 102 129 131  76  91 106 231
226 113 100  59 110 140 118  89 109 181 202 125  65  86 168 246
225 103 120 110 111 128  96  74 107 181 201 119  59  86 170 246
237 146 141 141 133 154 123 119  85  66 117 159 142 107  97 230
244 170 138 130 139 121 111 134 129  74  74 121 142 145 125 230
241 148 116 118 104  86 110 145 174 146 127  93  78 147 165 237
243 167 132  94  69 100 145 182 194 164 124  99 104 169 146 232
239 171 164 108  87 115 110 136 165 167 131 134 157 193 157 235
236 144 144 139 128 154 142 149 171 183 162 134 146 147 144 235
225 103 120 110 111 135 159 160 172 167 135 111 110 120 103 225
226 113 100  59 110 146 159 127 139 166 145 110  59 100 113 226
226 114 124 100 120 147 182 156 169 176 144 120 100 124 114 226
230 113 114 113 103 144 165 153 156 180 147 103 113 114 113 230
251 230 226 226 225 236 238 237 236 244 237 225 226 226 230 251
251 230 226 226 225 235 235 238 249 244 241 243 233 244 239 251
230 113 114 113 103 144 153 157 190 148 144 167 113 157 133 231
226 114 124 100 120 144 161 129 118 102 129 131  76  91 106 231
226 113 100  59 110 140 118  89 109 181 202 125  65  86 168 246
225 103 120 110 111 128  96  74 107 181 201 119  59  86 170 246
237 146 141 141 133 154 123 119  85  66 117 159 142 107  97 230
244 170 138 130 139 121 111 134 129  74  74 121 142 145 125 230
241 148 116 118 104  86 110 145 174 146 127  93  78 147 165 237
243 167 132  94  69 100 145 182 194 164 124  99 104 169 146 232
239 171 164 108  87 115 110 136 165 167 131 134 157 193 157 235
236 144 144 139 128 154 142 149 171 183 162 134 146 147 144 235
225 103 120 110 111 135 159 160 172 167 135 111 110 120 103 225
226 113 100  59 110 146 159 127 139 166 145 110  59 100 113 226
226 114 124 100 120 147 182 156 169 176 144 120 100 124 114 226
230 113 114 113 103 144 165 153 156 180 147 103 113 114 113 230
251 230 226 226 225 236 238 237 236 244 237 225 226 226 230 251
251 230 226 226 225 235 235 238 249 244 241 243 233 244 239 251
230 113 114 113 103 144 153 157 190 148 144 167 113 157 133 231
226 114 124 100 120 144 161 129 118 102 129 131  76  91 106 231
226 113 100  59 110 140 118  89 109 181 202 125  65  86 168 246
225 103 120 110 111 128  96  74 107 181 201 119  59  86 170 246
237 146 141 141 133 154 123 119  85  66 117 159 142 107  97 230
244 170 138 130 139 121 111 134 129  74  74 121 142 145 125 230
241 148 116 118 104  86 110 145 174 146 127  93  78 147 165 237
243 167 132  94  69 100 145 182 194 164 124  99 104 169 146 232
239 171 164 108  87 115 110 136 165 167 131 134 157 193 157 235
236 144 144 139 128 154 142 149 171 183 162 134 146 147 144 235
225 103 120 110 111 135 159 160 172 167 135 111 110 120 103 225
226 113 100  59 110 146 159 127 139 166 145 110  59 100 113 226
226 114 124 100 120 147 182 156 169 176 144 120 100 124 114 226
230 113 114 113 103 144 165 153 156 180 147 103 113 114 113 230
251 230 226 226 225 236 238 237 236 244 237 225 226 226 230 251

250 226 227 245 244 225 226 233 228 231 232 220 221 222 226 251
236 132 107 165 166  96 127 165 147 159 143 105 114 115 113 233
241 153  90  85  85 110 144 144 169 193 146 118  97 123 112 230
228 110  73  64  58 143 140  76 103 156 144 108  59 103 111 230
241 168 132 128 121 158 119  93  99 134 133 110 111 121 101 229
238 141 130 203 200 113  75 128 123 133 163 136 146 145 147 240
242 146 104 180 178  66  77 148 164 167 183 167 166 175 179 245
247 187 116 107 104  87 130 174 194 163 170 169 138 168 154 238
234 155 128  88  73 119 132 145 181 132 149 157 129 155 153 240
232 155 160 117  96 122 109 110 144 108 143 158 161 182 165 240
232 143 143 139 128 154 119  86  98 116 156 134 145 145 143 238
220 105 118 108 110 133 138 103  68  88 129 110 107 120 102 229
221 114  97  59 111 140 129 116  94 110 140 107  58 102 111 230
222 115 123 103 121 141 137 116 133 166 143 120 102 126 112 230
226 113 112 111 101 147 170 150 168 170 143 102 111 112 113 234
251 233 230 230 229 240 246 243 245 241 238 229 230 230 234 252
250 226 227 245 244 225 226 233 228 231 232 220 221 222 226 251
236 132 107 165 166  96 127 165 147 159 143 105 114 115 113 233
241 153  90  85  85 110 144 144 169 193 146 118  97 123 112 230
228 110  73  64  58 143 140  76 103 156 144 108  59 103 111 230
241 168 132 128 121 158 119  93  99 134 133 110 111 121 101 229
238 141 130 203 200 113  75 128 123 133 163 136 146 145 147 240
242 146 104 180 178  66  77 148 164 167 183 167 166 175 179 245
247 187 116 107 104  87 130 174 194 163 170 169 138 168 154 238
234 155 128  88  73 119 132 145 181 132 149 157 129 155 153 240
232 155 160 117  96 122 109 110 144 108 143 158 161 182 165 240
232 143 143 139 128 154 119  86  98 116 156 134 145 145 143 238
220 105 118 108 110 133 138 103  68  88 129 110 107 120 102 229
221 114  97  59 111 140 129 116  94 110 140 107  58 102 111 230
222 115 123 103 121 141 137 116 133 166 143 120 102 126 112 230
226 113 112 111 101 147 170 150 168 170 143 102 111 112 113 234
251 233 230 230 229 240 246 243 245 241 238 229 230 230 234 252
250 226 227 245 244 225 226 233 228 231 232 220 221 222 226 251
236 132 107 165 166  96 127 165 147 159 143 105 114 115 113 233
241 153  90  85  85 110 144 144 169 193 146 118  97 123 112 230
228 110  73  64  58 143 140  76 103 156 144 108  59 103 111 230
241 168 132 128 121 158 119  93  99 134 133 110 111 121 101 229
238 141 130 203 200 113  75 128 123 133 163 136 146 145 147 240
242 146 104 180 178  66  77 148 164 167 183 167 166 175 179 245
247 187 116 107 104  87 130 174 194 163 170 169 138 168 154 238
234 155 128  88  73 119 132 145 181 132 149 157 129 155 153 240
232 155 160 117  96 122 109 110 144 108 143 158 161 182 165 240
232 143 143 139 128 154 119  86  98 116 156 134 145 145 143 238
220 105 118 108 110 133 138 103  68  88 129 110 107 120 102 229
221 114  97  59 111 140 129 116  94 110 140 107  58 102 111 230
222 115 123 103 121 141 137 116 133 166 143 120 102 126 112 230
226 113 112 111 101 147 170 150 168 170 143 102 111 112 113 234
251 233 230 230 229 240 246 243 245 241 238 229 230 230 234 252

251 230 226 226 225 237 244 236 237 238 236 225 226 226 230 251
230 113 114 113 103 147 180 156 153 165 144 103 113 114 113 230
226 114 124 100 120 144 176 169 156 182 147 120 100 124 114 226
226 113 100  59 110 145 166 139 127 159 146 110  59 100 113 226
225 103 120 110 111 135 167 172 160 159 135 111 110 120 103 225
235 144 147 146 134 162 183 171 149 142 154 128 139 144 144 236
235 157 193 157 134 131 167 165 136 110 115  87 108 164 171 239
232 146 169 104  99 124 164 194 182 145 100  69  94 132 167 243
237 165 147  78  93 127 146 174 145 110  86 104 118 116 148 241
230 125 145 142 121  74  74 129 134 111 121 139 130 138 170 244
230  97 107 142 159 117  66  85 119 123 154 133 141 141 146 237
246 170  86  59 119 201 181 107  74  96 128 111 110 120 103 225
246 168  86  65 125 202 181 109  89 118 140 110  59 100 113 226
231 106  91  76 131 129 102 118 129 161 144 120 100 124 114 226
231 133 157 113 167 144 148 190 157 153 144 103 113 114 113 230
251 239 244 233 243 241 244 249 238 235 235 225 226 226 230 251
251 230 226 226 225 237 244 236 237 238 236 225 226 226 230 251
230 113 114 113 103 147 180 156 153 165 144 103 113 114 113 230
226 114 124 100 120 144 176 169 156 182 147 120 100 124 114 226
226 113 100  59 110 145 166 139 127 159 146 110  59 100 113 226
225 103 120 110 111 135 167 172 160 159 135 111 110 120 103 225
235 144 147 146 134 162 183 171 149 142 154 128 139 144 144 236
235 157 193 157 134 131 167 165 136 110 115  87 108 164 171 239
232 146 169 104  99 124 164 194 182 145 100  69  94 132 167 243
237 165 147  78  93 127 146 174 145 110  86 104 118 116 148 241
230 125 145 142 121  74  74 129 134 111 121 139 130 138 170 244
230  97 107 142 159 117  66  85 119 123 154 133 141 141 146 237
246 170  86  59 119 201 181 107  74  96 128 111 110 120 103 225
246 168  86  65 125 202 181 109  89 118 140 110  59 100 113 226
231 106  91  76 131 129 102 118 129 161 144 120 100 124 114 226
231 133 157 113 167 144 148 190 157 153 144 103 113 114 113 230
251 239 244 233 243 241 244 249 238 235 235 225 226 226 230 251
251 230 226 226 225 237 244 236 237 238 236 225 226 226 230 251
230 113 114 113 103 147 180 156 153 165 144 103 113 114 113 230
226 114 124 100 120 144 176 169 156 182 147 120 100 124 114 226
226 113 100  59 110 145 166 139 127 159 146 110  59 100 113 226
225 103 120 110 111 135 167 172 160 159 135 111 110 120 103 225
235 144 147 146 134 162 183 171 149 142 154 128 139 144 144 236
235 157 193 157 134 131 167 165 136 110 115  87 108 164 171 239
232 146 169 104  99 124 164 194 182 145 100  69  94 132 167 243
237 165 147  78  93 127 146 174 145 110  86 104 118 116 148 241
230 125 145 142 121  74  74 129 134 111 121 139 130 138 170 244
230  97 107 142 159 117  66  85 119 123 154 133 141 141 146 237
246 170  86  59 119 201 181 107  74  96 128 111 110 120 103 225
246 168  86  65 125 202 181 109  89 118 140 110  59 100 113 226
231 106  91  76 131 129 102 118 129 161 144 120 100 124 114 226
231 133 157 113 167 144 148 190 157 153 144 103 113 114 113 230
251 239 244 233 243 241 244 249 238 235 235 225 226 226 230 251
